9 280 675
0 0 -0.342471 -0.0813594
1 0 -0.444345 -0.01819
0 1 0.436864 -0.0793217
1 1 0.30239 -0.0069825
0 2 0.333971 -0.154717
1 2 0.208667 -0.0823783
0 3 0.00288143 -0.195472
1 3 -0.105105 -0.12517
0 4 0.41547 0.0989791
1 4 0.288128 0.166224
0 5 0.465389 0.0745264
1 5 0.33499 0.14279
0 6 0.402227 -0.252121
1 6 0.25451 -0.171019
0 7 0.303205 0.0620963
1 7 0.187273 0.127507
0 8 0.52692 0.0474247
1 8 0.397337 0.117115
0 3 0.00369647 -0.195879
0 1 0.436456 -0.0797292
0 9 -0.344223 -0.0809518
1 9 -0.445445 -0.0178639
0 10 0.417141 0.0936403
1 10 0.288047 0.16113
0 11 0.0137208 -0.167514
1 11 -0.0963029 -0.0985578
0 12 0.391616 0.0901191
1 12 0.264868 0.157022
0 13 -0.344223 -0.0806584
1 13 -0.446325 -0.0172771
0 14 -0.108332 -0.253197
1 14 -0.212195 -0.180719
0 15 0.430344 -0.11587
1 15 0.296555 -0.0419253
0 16 0.428584 -0.082419
1 16 0.293034 -0.0102347
0 17 -0.0643226 -0.260943
1 17 -0.17417 -0.186998
0 18 0.459566 -0.0834753
1 18 0.324369 -0.0116431
0 19 0.41943 0.099063
1 19 0.290148 0.16498
0 20 -0.0951644 -0.273619
1 20 -0.201632 -0.197562
0 21 -0.280216 -0.245732
1 21 -0.386683 -0.172209
0 22 0.297752 -0.0657285
1 22 0.184947 0.00314585
0 23 0.418923 0.0975419
1 23 0.291162 0.164473
0 24 0.443258 -0.0910811
1 24 0.309413 -0.0180657
0 25 -0.0963812 -0.272402
1 25 -0.202241 -0.195736
2 26 0.0477059 -0.104793
3 26 0.0517809 -0.0324541
2 27 -0.23041 -0.14351
3 27 -0.215129 -0.0528313
2 28 -0.475925 0.0816585
3 28 -0.438232 0.191696
2 29 -0.141779 0.0276588
3 29 -0.127517 0.109168
2 30 -0.0704677 0.018489
3 30 -0.0602803 0.0969414
2 31 0.521419 -0.0130957
3 31 0.513269 0.048036
2 32 0.485763 -0.164906
3 32 0.470482 -0.0905292
2 33 -0.239578 -0.130265
3 33 -0.223278 -0.0395861
2 34 0.162823 0.216148
3 34 0.166898 0.284412
2 35 -0.0598728 0.00585516
3 35 -0.050093 0.0841038
2 36 -0.045203 -0.145751
3 36 -0.0390905 -0.0662802
2 37 0.0477059 -0.105405
3 37 0.0525959 -0.0332691
2 38 -0.0513154 -0.161646
3 38 -0.045203 -0.0809518
2 39 0.161397 0.211258
3 39 0.165065 0.279725
2 40 -0.480652 0.118582
3 40 -0.444956 0.219816
2 41 -0.421973 0.00120915
3 41 -0.391166 0.111246
2 42 0.0386595 -0.130835
3 42 0.0430605 -0.0574773
2 43 -0.0625623 -0.16458
3 43 -0.0562054 -0.0858424
2 44 0.484622 -0.16458
3 44 0.469463 -0.0907329
2 45 -0.257964 -0.0700949
3 45 -0.2386 0.0158808
2 46 -0.0115112 -0.170449
3 46 -0.00799048 -0.091222
2 47 -0.32838 -0.0119953
3 47 -0.303734 0.0725132
2 48 -0.111853 0.030259
3 48 -0.0992369 0.111246
2 49 -0.141779 0.0267378
3 49 -0.127696 0.107725
2 50 -0.476251 0.0834289
3 50 -0.438227 0.19329
2 51 -0.229094 -0.144744
3 51 -0.214307 -0.0538974
2 52 0.468016 0.191177
3 52 0.465904 0.243995
2 53 -0.482589 0.0686399
3 53 -0.444565 0.178501
2 54 -0.330914 -0.0124882
3 54 -0.305565 0.0737105
2 55 0.467594 0.190332
3 55 0.465059 0.243573
2 56 0.335777 0.0255406
3 56 0.333242 0.0813163
2 57 -0.0444655 -0.187421
3 57 -0.0393956 -0.106293
2 58 0.52855 -0.298377
4 58 0.47252 -0.34932
2 59 -0.326375 -0.0112617
4 59 -0.329227 -0.054869
4 38 -0.0816738 -0.196491
2 60 0.0367035 -0.0222654
4 60 0.00695638 -0.0670954
2 61 0.464085 0.186071
4 61 0.421542 0.125918
2 62 -0.454247 0.00561064
4 62 -0.474784 -0.04574
2 63 -0.42168 0.00385008
4 63 -0.446325 -0.0507283
2 64 -0.453367 0.00737126
4 64 -0.474491 -0.0454465
2 65 -0.256556 -0.0686864
4 65 -0.270287 -0.108828
2 66 -0.383303 0.0686399
4 66 -0.412878 0.00525857
2 67 -0.419638 0.000188114
4 67 -0.446677 -0.0538974
2 68 -0.396823 0.0838515
4 68 -0.424708 0.0179349
2 69 -0.457662 0.00525861
4 69 -0.476251 -0.0475592
4 55 0.4245 0.132021
2 68 -0.396316 0.0823304
2 70 -0.0495353 -0.185393
4 70 -0.0774198 -0.217844
2 71 -0.420652 0.000188114
4 71 -0.447522 -0.0530523
2 72 0.236407 0.228361
4 72 0.169484 0.158388
2 73 -0.256995 -0.0716103
4 73 -0.271597 -0.109335
2 74 -0.048927 -0.184784
4 74 -0.0769128 -0.218858
2 75 -0.457763 0.00505582
4 75 -0.478448 -0.0484888
3 76 0.0609495 0.0246022
4 76 0.0232562 -0.0895103
3 60 0.0436309 0.0470172
3 77 0.468445 0.244676
4 77 0.426676 0.132602
3 78 0.461314 0.226337
4 78 0.418527 0.113243
4 26 0.0273311 -0.119057
3 79 0.176067 0.298065
4 79 0.10883 0.157462
3 80 0.432789 0.233265
4 80 0.391224 0.120783
3 81 0.437679 0.234488
4 81 0.396114 0.122005
3 82 0.523253 0.0963301
4 82 0.489023 -0.0124844
3 83 0.462618 0.241824
4 83 0.420075 0.130319
3 84 0.437679 0.234488
4 84 0.395136 0.122984
3 65 -0.23684 0.0161742
4 46 -0.0449585 -0.205661
3 85 -0.00939877 -0.0919262
4 85 -0.047423 -0.206013
4 54 -0.333449 -0.0555875
3 86 -0.366505 0.183943
4 86 -0.423694 0.0153997
5 77 0.33499 0.173356
5 26 -0.0429618 -0.0895103
5 76 -0.0470367 -0.062001
4 87 0.435845 -0.0395861
5 87 0.342121 0.00116839
4 88 0.0171438 -0.145548
5 88 -0.050093 -0.114982
4 26 0.0269237 -0.118854
4 89 -0.330042 -0.0552765
5 89 -0.377108 -0.0385672
4 90 -0.31415 -0.0308239
5 90 -0.377719 -0.0381597
4 91 0.419342 0.130564
5 91 0.327655 0.170911
4 90 -0.33102 -0.054543
4 92 0.431811 0.0100121
5 92 0.430344 0.00854497
4 93 0.402178 0.125331
5 93 0.312399 0.165825
4 94 0.421965 0.131007
5 94 0.330707 0.170557
4 95 0.421965 0.129182
5 95 0.330707 0.16934
6 26 -0.069449 -0.0732085
6 87 0.304428 0.0154325
6 88 -0.0765801 -0.0986801
4 88 0.0171438 -0.145751
6 90 -0.382202 0.000149528
6 91 0.293426 0.183137
6 80 0.267753 0.172133
4 96 -0.332487 -0.082419
6 96 -0.399724 -0.0454955
4 97 0.0181218 -0.146974
6 97 -0.0757651 -0.0992914
6 90 -0.397279 -0.0210428
6 93 0.278951 0.176388
4 98 0.401685 0.124416
6 98 0.277473 0.177656
6 94 0.297245 0.182726
6 74 -0.166143 -0.164603
6 95 0.297854 0.180293
4 99 0.33499 -0.109888
7 99 0.266735 -0.0344918
7 88 -0.0276807 -0.0762651
7 89 -0.342471 -0.0018882
7 90 -0.328208 0.0195079
7 91 0.341103 0.202699
4 100 -0.398501 0.112224
7 100 -0.438232 0.146866
7 90 -0.34349 -0.00148063
7 92 0.439146 0.0437568
7 63 -0.480652 0.00707781
7 69 -0.506178 0.012653
7 67 -0.481533 0.00737126
4 101 -0.475406 -0.0454465
7 101 -0.505826 0.0115967
4 102 -0.429777 0.0123573
7 102 -0.470337 0.058499
7 74 -0.112909 -0.141786
4 103 -0.0781296 -0.217641
7 103 -0.113416 -0.1428
4 104 -0.267946 -0.108118
7 104 -0.289848 -0.0484888
4 105 0.392039 0.121394
8 105 0.396114 0.135658
4 106 0.396114 0.122413
8 106 0.400189 0.136677
8 77 0.432789 0.148903
4 107 -0.313946 -0.0304163
8 107 -0.33534 -0.0375484
4 108 0.435845 0.00931928
8 108 0.446236 0.0193041
4 109 0.432789 0.115281
8 109 0.438901 0.131583
4 110 0.426676 -0.0732085
8 110 0.43992 -0.0670954
4 111 0.409358 0.126488
8 111 0.413433 0.141771
4 112 0.301983 -0.023488
8 112 0.308095 -0.0210428
8 89 -0.352047 -0.0626123
8 90 -0.336155 -0.0381597
4 108 0.435234 0.00830045
4 113 0.405894 0.124451
8 113 0.410784 0.139122
8 80 0.394892 0.135454
8 100 -0.440066 0.118337
8 82 0.507361 -0.00270327
4 114 -0.271363 -0.10785
8 114 -0.292145 -0.116408
4 115 -0.249358 -0.175095
8 115 -0.272341 -0.18512
8 61 0.425943 0.142057
4 116 -0.270874 -0.108828
8 116 -0.292879 -0.116164
8 62 -0.524662 -0.0413385
4 117 0.418021 0.118289
8 117 0.423303 0.134134
4 118 0.396897 0.12357
8 118 0.400418 0.137655
4 119 0.391616 0.120049
8 119 0.395136 0.134134
8 63 -0.495616 -0.0472071
4 120 0.418021 0.114767
8 120 0.423303 0.130613
4 121 -0.316057 -0.0296012
8 121 -0.337181 -0.0366436
4 122 0.0184152 -0.147561
8 122 0.0113737 -0.154603
4 123 0.301836 -0.02608
8 123 0.308878 -0.0243194
4 124 -0.271343 -0.108828
8 124 -0.292468 -0.117279
8 67 -0.495264 -0.0475592
4 125 0.442667 0.00314585
8 125 0.455341 0.0137094
4 126 0.389855 0.119345
8 126 0.39408 0.134134
8 68 -0.472365 0.0214842
4 127 -0.0900945 -0.200097
8 127 -0.100234 -0.212773
4 128 0.470129 -0.00488241
8 128 0.485338 0.00525861
4 129 0.42957 -0.0834753
8 129 0.442244 -0.0758695
4 130 0.427035 -0.0733343
8 130 0.439709 -0.0682638
4 131 0.418923 0.118838
8 131 0.425007 0.13405
8 73 -0.29289 -0.118462
4 132 0.385462 0.00627271
8 132 0.394587 0.0153997
8 103 -0.0890805 -0.228593
8 104 -0.289848 -0.11907
5 133 0.440939 0.126488
6 133 0.404672 0.1379
5 134 0.430751 0.00320611
6 134 0.397133 0.0164513
5 135 0.418527 0.0470172
6 135 0.381852 0.0602624
5 136 0.229041 0.0133947
6 136 0.198479 0.0266399
5 137 0.420564 -0.279019
6 137 0.376758 -0.260679
5 138 0.308503 0.0419229
6 138 0.273866 0.0551681
5 139 0.344159 0.0510926
6 139 0.308503 0.0643378
5 140 -0.379145 -0.0630199
6 140 -0.39952 -0.0456993
6 76 -0.0735239 -0.0456993
6 89 -0.396464 -0.0212466
5 141 -0.501394 0.102036
6 141 -0.524825 0.117319
5 142 0.410377 0.143809
6 142 0.373702 0.156035
5 143 0.437883 0.138715
6 143 0.402227 0.150941
5 144 0.324803 0.153998
6 144 0.290166 0.166224
5 145 0.404264 -0.00290706
6 145 0.366571 0.011357
5 146 0.324803 0.168262
6 146 0.291184 0.180488
5 147 -0.477963 0.0358097
6 147 -0.501394 0.0531303
5 148 -0.0806551 0.152571
6 148 -0.111217 0.16602
5 149 -0.0464255 -0.0613897
6 149 -0.0720977 -0.0454955
5 133 0.440124 0.125673
5 150 -0.363049 -0.0161522
6 150 -0.382609 -0.000258011
5 97 -0.050093 -0.115186
5 151 0.442569 0.146458
6 151 0.408339 0.158684
5 152 0.323988 0.155017
6 152 0.289758 0.167243
5 153 -0.477963 0.0351984
6 153 -0.50119 0.0523153
5 154 0.333523 -0.00172517
6 154 0.295382 0.0129465
5 155 0.311518 0.165531
6 155 0.277778 0.177268
5 156 -0.364761 -0.0149296
6 156 -0.383832 0.00120915
5 157 0.417141 0.0525598
6 157 0.381934 0.0657643
5 158 0.356995 0.0466912
6 158 0.321787 0.0598956
5 153 -0.477718 0.0349539
5 159 0.409806 0.0320196
6 159 0.373132 0.045224
5 160 0.0459944 0.187539
6 160 0.00931986 0.199276
5 161 0.405699 0.162303
6 161 0.370491 0.174628
5 162 0.345846 -0.0595313
6 162 0.307117 -0.0436859
5 163 -0.324859 -0.0859402
6 163 -0.345983 -0.0683343
5 164 0.409219 0.0320196
6 164 0.372252 0.0443437
5 165 0.324369 0.157374
6 165 0.29057 0.17005
5 166 0.30747 0.0432874
6 166 0.27367 0.0559636
5 167 0.284233 -0.0391084
6 167 0.252546 -0.0264321
5 168 -0.258669 -0.00741772
6 168 -0.284018 0.00948398
5 169 0.338312 -0.040376
6 169 0.300287 -0.0251644
5 74 -0.140793 -0.184885
5 170 0.442244 -0.124039
6 170 0.40422 -0.108828
5 171 -0.242191 -0.00234716
6 171 -0.267541 0.0153996
5 172 -0.257401 -0.00995293
6 172 -0.282751 0.00779385
5 173 0.333242 0.159909
6 173 0.297752 0.172585
5 174 0.412839 0.143176
6 174 0.376336 0.155346
5 175 -0.116458 -0.179308
6 175 -0.143835 -0.161054
5 176 0.415881 0.13405
6 176 0.379378 0.146219
5 177 0.300287 0.0397381
6 177 0.263784 0.0519073
5 178 0.0417227 0.182726
6 178 0.00521947 0.194896
5 179 0.308805 0.162039
6 179 0.275952 0.172991
5 180 0.402227 -0.203623
7 180 0.410377 -0.155736
5 181 0.33499 -0.0018882
7 181 0.347215 0.0347908
7 138 0.321746 0.0765642
7 139 0.355365 0.0857339
5 182 0.442976 0.146866
7 182 0.453164 0.179469
7 141 -0.455551 0.136677
5 183 0.378796 -0.207698
7 183 0.388983 -0.159812
5 184 0.432789 0.14279
7 184 0.442976 0.174375
5 185 0.350271 -0.0497747
7 185 0.361477 -0.011058
5 186 0.377777 -0.202604
7 186 0.388983 -0.155736
5 187 0.301372 0.0347908
7 187 0.314615 0.070451
5 188 0.425658 0.135658
7 188 0.435845 0.168262
7 146 0.338046 0.199846
7 133 0.449904 0.158684
5 189 -0.191901 -0.0100391
7 189 -0.162562 0.02664
5 190 0.447459 0.146458
7 190 0.457239 0.178247
5 191 0.229856 0.130564
7 191 0.245749 0.162352
5 192 0.301983 0.0351984
7 192 0.31543 0.0694322
5 193 0.31054 0.0339758
7 193 0.323988 0.0694322
5 194 0.341103 0.000964636
7 194 0.353327 0.0376437
5 195 0.345992 -0.0601671
7 195 0.356995 -0.0210428
5 196 0.33499 0.172867
7 196 0.348193 0.203677
5 197 0.401004 0.159663
7 197 0.411273 0.19194
5 198 0.430344 0.142057
7 198 0.440613 0.174334
7 159 0.418608 0.0672314
5 199 -0.53053 -0.0325355
7 199 -0.48163 0.00830045
5 200 0.285993 -0.0401648
7 200 0.298316 -0.00319231
7 93 0.324721 0.197515
7 162 0.356995 -0.0207983
5 201 -0.245642 -0.0102347
7 201 -0.213955 0.0267378
7 163 -0.291412 -0.0472071
5 202 -0.138259 -0.186294
7 202 -0.111853 -0.14404
5 203 0.351127 0.0390619
7 203 0.36345 0.0742738
7 164 0.418021 0.0672314
7 165 0.337044 0.189065
5 204 -0.235432 -0.00107956
7 204 -0.203745 0.0369493
5 205 -0.140371 -0.184886
7 205 -0.112909 -0.142631
5 206 0.343381 -0.0581228
7 206 0.356056 -0.020094
5 207 0.225084 0.0137094
7 207 0.239871 0.0475128
7 168 -0.224869 0.0284984
5 208 0.282543 -0.040376
7 208 0.295217 -0.00488241
5 209 -0.0140461 0.182726
7 209 0.0113034 0.213149
5 210 0.396615 -0.200097
7 210 0.406755 -0.151927
7 171 -0.209237 0.0356817
7 172 -0.224447 0.0280759
5 211 0.328172 -0.00234716
7 211 0.340846 0.0356817
5 212 0.285078 -0.0332772
7 212 0.297245 0.00323043
5 213 0.336791 -0.0271926
7 213 0.348958 0.00931502
5 214 0.336791 -0.0393619
7 214 0.348958 -0.0028542
7 177 0.312455 0.0732035
5 215 0.436566 0.129182
7 215 0.443867 0.162039
5 216 -0.377456 -0.0533565
7 216 -0.340953 -0.0168488
5 217 0.425615 0.0160081
7 217 0.436566 0.0525158
8 26 0.0191812 -0.12517
8 87 0.447459 -0.0308239
5 218 0.402227 0.165205
8 218 0.500026 0.137696
8 88 0.00980889 -0.15431
8 76 0.0146988 -0.0956235
8 141 -0.459626 0.107334
5 90 -0.362846 -0.0161523
5 219 0.33499 0.173356
8 219 0.432789 0.148903
5 220 -0.380164 -0.063835
8 220 -0.354492 -0.091222
8 133 0.539756 0.0959225
8 91 0.425454 0.146458
8 97 0.0107868 -0.15431
5 221 -0.377719 -0.0895103
8 221 -0.354492 -0.122032
5 222 -0.182121 -0.0210428
8 222 -0.119775 -0.0454955
8 196 0.433278 0.147925
8 156 -0.336888 -0.036937
5 223 -0.507058 0.0232166
8 223 -0.464516 0.0188151
5 224 0.335284 0.172867
8 224 0.432104 0.148219
8 202 -0.0875596 -0.231365
5 225 0.330707 0.172163
8 225 0.42788 0.14681
8 205 -0.0875596 -0.23052
5 226 -0.510051 0.0284984
8 226 -0.467802 0.024273
8 168 -0.201632 -0.0276997
5 227 0.330707 0.172585
8 227 0.427035 0.147233
8 74 -0.0890805 -0.231027
5 228 0.363661 -0.00234716
8 228 0.470129 -0.0353055
5 229 -0.381613 -0.0885458
8 229 -0.356771 -0.121504
8 175 -0.0598779 -0.224943
8 94 0.428049 0.146219
5 103 -0.140793 -0.18235
8 95 0.429265 0.143785
6 230 0.299334 -0.0171711
7 230 0.347215 0.0062627
7 137 0.427695 -0.230113
6 231 0.301372 0.185582
7 231 0.348234 0.204941
6 232 0.31054 0.063319
7 232 0.358421 0.0847151
6 233 0.216816 -0.0558879
7 233 0.264697 -0.0324541
6 180 0.354346 -0.185283
6 100 -0.505469 0.128526
6 234 0.391021 0.147884
7 234 0.437883 0.168262
6 235 0.404264 0.137696
7 235 0.450107 0.159092
6 236 0.271421 0.173356
7 236 0.319098 0.192918
7 149 -0.0231982 -0.0247107
6 237 0.372887 0.0449795
7 237 0.419342 0.0669869
7 152 0.337435 0.186805
6 191 0.200517 0.14279
7 97 -0.0268657 -0.077284
6 238 0.00369647 0.197809
7 238 0.0623758 0.217371
6 239 0.390735 0.0144136
7 239 0.436212 0.036421
6 240 0.195627 0.0261509
7 240 0.239636 0.0466912
6 241 0.198561 0.0173479
7 241 0.244037 0.0393553
6 242 -0.398501 -0.0706817
7 242 -0.342756 -0.0516086
6 243 0.370198 0.045224
7 243 0.415674 0.0672314
7 160 0.0665322 0.219816
7 154 0.345259 0.036421
6 244 0.326482 0.012653
7 244 0.375772 0.0355408
6 245 0.354648 -0.181012
7 245 0.41098 -0.152843
6 246 -0.0502396 0.193994
7 246 0.00961328 0.213361
6 202 -0.164664 -0.166927
6 247 0.296555 0.012653
7 247 0.345846 0.0355408
6 248 0.195509 0.0306111
7 248 0.239871 0.0517382
6 210 0.351831 -0.182773
6 249 -0.362179 -0.108828
7 249 -0.305143 -0.0877007
6 250 -0.273456 0.0073713
7 250 -0.214307 0.0284984
7 167 0.296907 -0.00319228
6 251 0.326482 0.0115967
7 251 0.375068 0.0348365
6 252 0.295217 0.182726
7 252 0.343381 0.203008
6 253 -0.275146 0.0103291
7 253 -0.216842 0.0306112
6 254 0.371266 0.0432874
7 254 0.416895 0.0661047
6 255 0.292682 0.17005
7 255 0.340846 0.190332
6 256 -0.333449 -0.139251
7 256 -0.277681 -0.116434
6 104 -0.344603 -0.0667426
6 257 0.403713 -0.108118
7 257 0.447517 -0.0789118
6 258 -0.218796 0.00585516
8 258 -0.128577 -0.0325355
6 259 -0.399968 -0.04574
8 259 -0.354785 -0.091222
6 196 0.301249 0.184604
6 260 -0.507938 0.128852
8 260 -0.442452 0.117232
8 249 -0.305565 -0.164603
8 172 -0.201632 -0.0302349
6 103 -0.165129 -0.164096
6 261 -0.335477 -0.139758
8 261 -0.278897 -0.199387
7 262 -0.342471 -0.0507936
8 262 -0.353269 -0.121299
7 263 0.420564 0.175394
8 263 0.510213 0.115281
7 264 0.327859 0.197809
8 264 0.410784 0.141568
7 265 -0.459626 0.063319
8 265 -0.464516 0.0193041
7 266 -0.481019 0.00830042
8 266 -0.4963 -0.0467181
8 90 -0.353025 -0.0618788
7 156 -0.330042 0.0205268
8 199 -0.495322 -0.0472071
7 267 -0.123442 -0.127412
8 267 -0.101291 -0.210942
7 268 0.342325 0.20221
8 268 0.425943 0.146458
7 269 0.354061 0.0378882
8 269 0.447948 -0.0313618
8 69 -0.525542 -0.0419253
7 270 -0.458648 0.0513861
8 270 -0.463577 0.00525857
7 271 -0.459352 0.0517382
8 271 -0.465267 0.00525861
7 272 -0.457239 0.0559636
8 272 -0.462732 0.0128644
7 273 -0.345279 -0.0517847
8 273 -0.356264 -0.121504
7 274 0.325637 0.197938
8 274 0.406755 0.139627
7 275 -0.457662 0.0559637
8 275 -0.463239 0.0123573
7 276 -0.305565 -0.0885458
8 276 -0.305058 -0.167139
7 73 -0.29289 -0.0479817
7 228 0.373801 0.0356817
7 277 -0.128119 -0.121504
8 277 -0.107332 -0.203646
7 278 0.312455 0.179684
8 278 0.391545 0.12188
7 279 -0.0343256 -0.0278011
8 279 0.00582789 -0.0971657
160 134 116
68 20 4
54 32 16
152 134 98
72 51 45
124 49 40
46 21 8
40 18 10
90 66 57
152 128 110
42 16 12
143 132 94
172 145 140
160 140 119
168 114 88
34 18 10
62 16 2
162 104 78
45 22 14
28 14 14
158 103 80
160 109 80
157 131 110
28 17 17
178 151 138
160 104 80
134 111 90
62 19 6
79 38 32
88 32 15
162 108 92
114 86 81
112 43 34
83 28 12
230 212 207
164 112 97
84 18 6
114 94 70
77 20 3
198 179 172
174 132 116
150 135 126
144 134 100
163 112 86
109 30 21
194 139 112
172 115 96
168 142 121
158 111 97
87 30 15
72 32 24
53 13 3
28 16 14
184 154 146
160 143 122
26 13 10
123 98 76
158 109 90
214 161 137
164 134 111
166 146 131
42 16 8
156 140 124
150 134 118
153 135 121
203 148 117
162 140 140
160 146 128
165 140 138
160 143 128
138 88 70
152 138 125
34 18 12
192 138 108
136 86 67
160 144 128
150 126 104
48 29 24
176 116 90
60 40 34
48 17 16
154 126 122
46 26 8
32 12 8
156 130 124
172 116 96
157 143 144
61 16 3
158 139 108
165 133 111
160 131 115
76 54 48
26 17 8
32 12 8
28 14 10
32 17 14
168 140 124
149 136 97
28 10 8
50 30 15
119 112 124
154 138 126
158 116 116
146 95 72
192 135 103
45 16 14
170 144 138
158 132 117
126 108 97
196 129 100
32 14 1
160 132 126
162 136 122
36 14 16
188 133 100
62 20 9
190 136 104
188 148 98
169 146 139
49 16 16
198 146 103
159 140 124
142 130 94
158 130 109
196 142 108
174 150 138
64 30 30
165 110 86
20 8 0
134 103 92
39 20 6
188 148 95
16 12 11
63 40 29
144 132 111
42 20 10
130 110 102
224 210 200
144 118 106
54 28 14
164 136 118
114 106 113
50 23 14
148 126 118
194 126 96
46 7 3
160 128 121
166 126 112
250 236 230
170 150 128
162 134 120
56 36 22
190 128 96
163 133 118
54 8 0
27 10 6
162 140 120
63 42 29
32 18 11
42 16 5
36 20 11
34 16 5
46 10 4
192 133 102
42 17 6
188 143 100
132 107 96
12 8 6
132 74 56
156 126 116
24 13 8
81 35 21
82 28 12
190 146 96
46 20 13
157 101 77
190 160 140
54 42 34
42 22 14
55 26 26
224 202 195
64 17 4
48 28 14
244 224 218
170 144 134
172 166 166
92 70 62
44 20 8
183 132 118
179 122 104
41 21 9
42 20 8
63 32 18
65 24 8
63 20 6
56 10 4
32 17 14
46 28 20
176 148 134
135 117 111
13 9 4
172 118 102
158 104 84
48 28 18
164 112 98
154 101 78
34 11 6
54 34 18
13 6 2
32 12 7
74 56 53
64 18 4
144 130 103
48 32 25
158 128 118
29 11 6
137 84 52
24 14 6
63 48 44
48 28 24
166 140 120
161 142 118
167 115 98
60 26 24
34 18 12
24 12 6
151 132 135
26 13 6
53 26 20
156 143 116
52 32 20
56 36 34
138 116 104
44 23 12
160 108 94
58 33 24
166 136 133
43 18 8
63 44 36
22 6 0
53 34 19
56 33 18
157 136 112
34 11 2
30 8 2
88 63 52
38 14 8
62 14 0
28 14 4
182 120 102
179 122 100
34 8 2
26 13 9
195 134 116
36 14 6
190 148 94
158 108 84
32 22 14
176 118 102
168 142 122
118 113 120
150 95 74
158 138 114
57 29 17
33 10 7
54 20 20
152 134 119
172 118 91
34 20 12
56 16 4
162 122 120
156 129 125
154 138 134
155 144 118
32 13 8
153 140 135
170 110 90
55 35 17
116 58 60
28 8 5
